	1996	1997	1998	1999	2000	2001	2002	2003	2004	2005	2006	2007	2008	2009	2010	2011	2012	2013	2014	2015
C=	3	3	3	3	3	3	3	3	3	3	3	3	3	3	3	3	3	3	3	3
T=	30	30	30	30	30	30	30	30	30	30	30	30	30	30	30	30	30	30	30	30
Mean=	91.19354839	87.25806452	89.70967742	87.64516129	91.74193548	86.74193548	89.25806452	85.58064516	87.83870968	86.93548387	90.19354839	86.41935484	89.16129032	86.64516129	91.25806452	91.93548387	94.09677419	84.70967742	86.61290323	90.06451613
standard deviation=	8.55	9.32	6.41	9.72	9.52	8.22	9.43	7.02	6.66	7.73	9.79	9.03	8.73	9.01	7.45	9.93	9.25	7.73	6.59	8.71
	1-Sep	25-Sep	21-Aug	17-Jul	31-Jul	4-Sep	1-Sep	18-Sep	13-Aug	7-Oct	9-Sep	21-Sep	25-Aug	2-Sep	28-Sep	6-Sep	12-Aug	17-Aug	26-Sep	6-Jul
																				
																				
Day	St	St	St	St	St	St	St	St	St	St	St	St	St	St	St	St	St	St	St	St
1-Jul	0	0	0	0	1	2	3	4	5	6	7	8	9	10	11	12	13	14	15	16
2-Jul	0	0	0	3	0	0	0	6	9	1	1	6	8	4	15	7	11	11	6	16
3-Jul	0	0	0	0	0	0	0	1	8	0	0	8	3	0	21	1	3	16	2	24
4-Jul	0	0	0	0	0	0	0	0	5	0	0	5	0	0	24	0	0	21	2	26
5-Jul	0	0	0	0	0	0	0	3	0	0	0	1	0	4	24	0	0	20	0	29
6-Jul	0	1	0	0	0	0	0	1	0	2	6	0	4	0	23	0	0	19	0	32
7-Jul	0	10	0	3	0	0	0	0	0	10	13	1	2	0	18	0	0	21	0	29
8-Jul	0	7	0	1	0	0	0	0	0	6	19	3	0	2	9	0	0	15	0	26
9-Jul	0	7	0	0	0	0	0	0	0	1	22	0	0	1	1	0	0	9	0	23
10-Jul	0	5	0	0	0	0	0	0	0	7	25	0	0	1	0	0	0	3	0	17
11-Jul	0	5	0	3	0	0	2	0	0	8	22	0	0	0	0	0	1	5	0	12
12-Jul	0	1	1	10	0	0	12	0	0	6	18	0	0	0	0	0	8	0	0	6
13-Jul	0	0	0	22	0	0	16	0	0	5	15	0	1	0	0	0	9	4	0	1
14-Jul	0	0	0	26	0	2	14	0	0	2	11	0	0	0	0	0	10	0	0	0
15-Jul	6	0	0	29	0	3	9	0	1	2	7	2	0	0	0	9	11	0	0	0
16-Jul	3	0	0	28	0	3	3	0	2	1	3	0	0	0	0	13	11	0	1	0
17-Jul	0	0	0	31	0	0	0	0	3	0	0	0	0	0	1	15	9	0	0	0
18-Jul	0	0	0	28	0	0	0	0	0	0	0	0	0	2	7	15	7	0	2	0
19-Jul	0	0	0	25	0	0	0	0	1	0	0	0	0	5	5	10	7	0	0	0
20-Jul	0	0	0	19	0	0	0	0	0	0	0	0	0	7	2	8	14	0	8	0
21-Jul	0	0	0	14	0	0	0	0	0	0	0	0	0	5	0	5	15	0	9	0
22-Jul	0	0	0	8	0	0	0	0	0	0	0	4	0	4	0	0	11	0	10	0
23-Jul	0	0	0	0	2	0	0	2	0	0	1	6	0	1	0	0	5	0	6	0
24-Jul	0	0	0	0	8	0	0	2	0	0	1	2	0	0	0	0	0	0	2	0
25-Jul	4	0	1	0	22	2	2	1	0	0	1	0	0	0	0	0	0	0	0	0
26-Jul	8	0	0	0	29	0	3	0	0	0	0	0	0	0	0	0	0	0	0	0
27-Jul	15	0	7	0	30	0	0	0	1	0	0	0	0	0	0	0	0	0	0	0
28-Jul	24	0	5	0	27	0	0	0	0	0	0	0	0	0	0	0	0	0	0	0
29-Jul	22	0	3	0	27	0	0	0	0	1	0	0	0	0	0	0	0	0	2	0
30-Jul	19	0	0	0	29	0	0	0	0	7	0	0	0	2	0	0	0	0	1	0
31-Jul	20	12	1	0	32	0	0	0	0	7	0	0	0	0	0	0	3	2	0	0
1-Aug	23	17	1	0	34	0	0	0	0	9	0	0	0	0	0	0	0	0	3	0
2-Aug	21	17	6	0	42	0	0	0	0	7	0	0	0	1	4	0	0	0	2	0
3-Aug	25	13	9	0	47	0	0	0	0	3	0	0	0	0	1	0	0	0	0	0
4-Aug	22	8	10	0	48	0	0	1	0	0	0	0	0	0	0	4	4	0	0	0
5-Aug	17	5	6	0	45	0	0	0	0	0	0	0	0	0	0	0	5	0	0	0
6-Aug	18	5	4	0	43	0	0	1	1	0	0	0	0	0	0	0	10	0	0	0
7-Aug	15	5	2	0	41	0	0	0	5	4	0	0	0	0	0	0	17	0	0	0
8-Aug	19	9	2	0	39	0	0	0	8	6	0	0	0	0	0	0	16	0	0	0
9-Aug	17	21	7	0	31	0	0	0	8	5	0	0	1	0	0	0	20	0	0	0
10-Aug	16	25	7	0	25	0	0	0	18	6	0	0	2	0	0	0	24	0	0	0
11-Aug	16	23	6	0	25	0	0	0	21	3	0	0	1	0	0	0	30	0	1	0
12-Aug	19	19	8	0	25	0	0	2	26	0	3	0	6	0	0	0	33	0	0	0
13-Aug	23	16	9	0	24	3	0	0	34	0	9	0	11	0	0	0	33	0	0	0
14-Aug	25	13	16	0	24	0	0	0	37	0	10	0	13	0	0	0	36	0	0	0
15-Aug	24	9	20	0	19	0	0	0	39	0	11	0	12	0	0	1	42	9	0	0
16-Aug	22	2	21	0	11	0	0	0	40	0	9	0	12	0	0	0	42	23	0	0
17-Aug	20	0	24	0	0	0	0	0	39	0	10	0	14	0	0	0	46	39	0	0
18-Aug	17	0	23	0	0	0	0	0	38	0	9	0	14	0	0	0	50	44	0	0
19-Aug	15	0	20	0	0	0	0	0	34	0	9	0	10	0	0	0	58	44	0	0
20-Aug	14	0	28	0	0	0	0	0	31	0	3	0	6	0	0	0	65	41	0	0
21-Aug	12	2	31	0	2	0	0	0	33	0	0	0	7	0	0	0	68	39	0	0
22-Aug	10	8	30	0	4	0	0	0	34	0	0	0	11	0	0	0	75	33	0	0
23-Aug	7	11	30	0	5	0	0	0	35	0	0	0	20	3	0	0	78	24	0	0
24-Aug	4	13	29	5	2	0	0	0	33	0	4	0	23	0	0	0	83	22	0	0
25-Aug	8	13	25	7	0	0	0	0	36	0	7	0	31	0	0	0	89	22	0	3
26-Aug	8	11	21	3	0	0	0	0	35	0	6	0	34	0	0	0	90	22	0	4
27-Aug	13	5	19	0	0	0	2	0	31	0	5	0	40	1	0	0	91	17	0	6
28-Aug	15	0	16	0	0	3	7	0	26	0	2	0	40	9	1	0	102	9	0	10
29-Aug	15	0	9	0	0	0	11	0	24	0	0	0	38	7	6	0	108	0	0	16
30-Aug	19	0	3	0	1	3	19	0	21	0	0	0	35	12	9	0	119	0	0	29
31-Aug	25	0	0	1	2	5	28	0	19	0	7	0	33	16	8	0	121	0	0	32
1-Sep	34	0	0	0	12	9	31	0	22	0	9	0	38	29	6	0	121	0	0	33
2-Sep	49	0	3	0	20	17	33	0	26	0	11	0	39	35	4	0	123	0	0	30
3-Sep	50	0	12	1	27	28	30	0	30	0	13	0	42	39	0	0	129	0	0	28
4-Sep	54	3	9	0	28	31	21	0	33	0	12	0	44	40	4	9	143	0	2	23
5-Sep	55	7	5	0	36	25	15	0	34	3	16	0	42	40	8	20	149	0	0	23
6-Sep	55	9	3	0	59	20	10	10	38	6	18	0	41	39	6	34	155	0	0	25
7-Sep	54	7	0	0	82	17	8	17	37	7	26	0	38	39	3	54	154	0	0	27
8-Sep	53	3	0	0	95	15	7	19	49	6	30	0	34	35	0	70	157	0	0	30
9-Sep	50	4	8	8	104	13	3	19	49	4	34	0	32	35	0	78	166	0	0	30
10-Sep	54	8	16	5	111	7	0	23	50	4	36	0	31	39	0	83	173	0	0	32
11-Sep	56	10	22	3	116	4	0	25	51	4	39	0	35	47	0	85	181	0	0	33
12-Sep	57	8	25	1	118	4	0	27	55	1	45	0	34	50	0	87	191	0	0	42
13-Sep	67	6	23	0	120	4	11	26	61	0	62	0	34	54	2	87	201	0	0	54
14-Sep	76	3	22	0	123	1	20	26	67	0	69	2	32	55	0	84	209	0	6	64
15-Sep	78	0	22	0	132	8	15	27	78	0	74	4	39	60	0	87	213	0	9	71
16-Sep	84	0	21	4	145	15	13	28	88	0	78	11	45	62	0	104	218	0	7	79
17-Sep	91	0	20	7	161	18	13	30	93	0	80	17	63	72	0	114	226	3	4	84
18-Sep	101	0	25	10	177	20	19	32	99	0	83	21	67	76	0	126	238	6	3	88
19-Sep	110	0	32	16	182	22	25	30	106	0	91	23	72	85	0	138	249	4	3	88
20-Sep	119	0	37	32	183	22	25	26	118	0	105	25	79	88	0	145	261	0	3	86
21-Sep	129	0	41	38	195	20	27	26	127	0	117	30	90	93	0	148	267	9	0	96
22-Sep	137	14	40	51	211	16	37	34	132	0	122	28	92	92	0	157	271	8	2	107
23-Sep	141	19	43	60	219	12	41	35	133	0	124	28	97	93	0	163	281	8	8	113
24-Sep	145	21	48	67	223	27	54	38	136	0	127	23	105	92	0	170	294	19	14	126
25-Sep	146	39	53	70	230	45	71	39	140	0	139	19	109	88	0	171	303	34	20	146
26-Sep	150	53	56	73	251	56	83	39	146	7	148	18	115	87	12	174	308	37	30	162
27-Sep	160	74	55	80	269	65	94	40	158	5	156	17	124	91	20	178	311	40	36	178
28-Sep	173	90	62	84	282	71	101	49	165	4	163	15	124	91	32	188	316	45	45	190
29-Sep	189	97	74	92	298	83	114	66	172	3	180	18	125	103	41	193	324	50	58	200
30-Sep	213	95	86	106	312	96	122	78	177	5	192	22	125	113	53	204	343	55	58	202
1-Oct	235	105	86	117	323	105	126	88	180	6	196	26	137	120	63	228	359	55	55	218
2-Oct	252	116	95	127	333	109	128	103	183	5	202	27	149	129	73	249	378	55	54	240
3-Oct	256	125	105	128	340	111	130	119	187	5	208	33	155	137	93	263	395	54	59	261
4-Oct	274	131	109	141	348	115	135	125	191	4	211	37	158	146	114	272	404	51	78	278
5-Oct	296	135	114	153	354	120	134	129	196	7	212	39	162	168	133	278	413	49	91	292
6-Oct	320	137	128	167	370	134	134	137	206	19	223	41	166	180	148	286	421	46	96	303
7-Oct	349	139	133	178	393	149	140	147	216	31	238	41	170	185	155	296	444	54	98	309
8-Oct	359	141	150	190	427	154	156	156	228	42	254	41	184	189	161	307	472	64	95	314
9-Oct	377	146	165	202	460	172	176	166	242	56	262	44	195	187	165	324	493	69	93	320
10-Oct	393	148	179	215	485	183	192	175	255	63	269	46	204	197	167	345	512	71	91	336
11-Oct	412	150	187	227	503	191	200	192	263	65	276	63	212	204	169	369	528	74	88	350
12-Oct	431	155	196	241	519	197	203	196	275	75	292	74	222	221	177	384	540	75	87	361
13-Oct	447	160	205	262	532	203	210	201	296	82	318	84	231	232	186	399	556	74	85	367
14-Oct	456	176	217	272	546	212	228	206	318	88	336	89	237	250	201	411	570	79	94	376
15-Oct	463	197	224	283	558	220	258	219	341	93	353	94	242	272	211	420	584	93	109	382
16-Oct	471	224	233	291	567	242	278	230	354	101	381	102	245	295	223	425	601	100	122	392
17-Oct	477	243	243	296	575	266	300	244	364	110	397	103	262	328	232	429	617	110	126	409
18-Oct	500	263	251	309	584	286	318	257	376	113	407	110	282	356	242	438	634	119	134	431
19-Oct	525	278	256	328	600	298	334	265	393	113	419	117	303	379	248	460	652	138	144	454
20-Oct	545	292	268	353	616	307	347	269	407	114	437	126	323	394	259	490	673	149	155	470
21-Oct	554	307	282	373	629	312	362	268	419	118	455	131	337	407	268	516	688	159	161	481
22-Oct	561	329	305	385	639	316	384	272	430	135	472	142	355	417	278	537	700	172	175	489
23-Oct	581	350	329	413	653	318	412	277	445	149	506	145	379	428	290	556	713	190	187	495
24-Oct	596	373	344	438	667	323	430	286	457	177	538	169	412	443	297	572	725	206	196	506
25-Oct	611	382	355	459	677	334	456	296	464	207	570	192	431	462	310	585	736	232	203	522
26-Oct	624	395	363	474	691	354	474	311	470	230	595	207	447	480	313	597	747	253	202	542
27-Oct	637	422	371	484	702	386	492	329	474	251	616	223	474	504	325	607	768	265	202	573
28-Oct	645	452	378	496	711	415	503	355	480	273	640	237	510	517	340	621	803	283	209	582
29-Oct	651	472	387	508	724	436	514	367	490	293	656	258	537	525	360	651	838	290	219	599
30-Oct	657	490	392	518	736	447	532	373	497	308	670	275	559	543	377	679	874	293	235	616
31-Oct	664	514	400	528	747	460	559	381	500	322	689	287	578	558	390	703	900	301	256	641
